9151474082235494387
-556950153101554133
-146869912497467391
-2420295128583134293
785986221236461117
-7004330177070151590
3242252706668779169
-1322081917427489707
-3874658976029521067
-1720577075918572961
-6864361338251234512
-956643873679467515
-6992595204221379458
8509966514846053377
6285613048896260099
1831592080741987043
-3188005876175736768
-9965229132490259
3553302506943463668
-8802939486135984065
2226124802366800613
7079113987934768691
-4617404072163344417
-320722017196840182
-2684885287737203972
3940345226517373127
3425075945622444326
4784365343562529371
1823383622690649562
-7805517550510989311
-7721693164773416914
-3276993567929485845
-5943150873232962540
3533170530218590494
7423489606551405536
2062617152800159385
2469930241134069255
7602611472959772860
7292510666817239849
-5293282482174474520
-2565884117728655280
8833166995824812898
9076939108788175226
-3487050114822114436
5912284932527521876
-976602711833502218
-7998335001226960056
-7822470757709468767
6297216745298147513
8317284341816667717
882426777240361613
-8281636870324375100
-198571829784199701
-3208588177401832578
8585753830430063429
-5796250943175353353
7221889680170799768
2697449850692802231
-586078798120210446
7247967475192472689
3724039672853886004
7579322546498278247
-4648020675069622759
-1977728731795781108
1817395352454590326
8565757241089142762
1423185596830288579
2828558151662108870
-3259346492718709543
4098248071164669441
6745325490129893117
-1213334475321068992
-3862061314661835492
8011096768091355983
4455796780211334232
-3688289819146072510
4068639142334205379
453200972340218333
2986774160185377129
8858715239543286581
1556877362001538451
-9011454486130607978
8755833537333026378
-6973256619580524889
-2029694219773216486
2529270454841969612
3085582835533310231
-3535869388759566901
8841134826560194341
2026850055248704945
-4368624336779443597
-5642365638352284170
-8058867835168322233
-3669235001666801953
-815573803060391424
4632984203033775395
-5991358189877021607
-3209444878247289135
-7254894669464395030
7505501108613597808
-7518208664427365132
-5766731536226691993
-5961419154267090851
-3465915702515370337
716572143839704057
1154548746139504230
-9082149016442748406
1456715879744619670
-6141840352917719286
-2300447340595604490
-6913558969324226393
-7504888818643349025
-1948312476698146546
149324089378479394
-1846565742998082964
-1403938759250290903
2951000836877366961
-2123607759525508261
8541267536317640598
-1299128610236077883
-8030957223671199007
3317868109639627254
4696032086332735207
-2046060100305762519
-6325018541706996910
-7472938624428757335
8418549956668471844
6936961937717772145
6240017758504056059
-232989482149195246
6477833927598951062
2537401413991504857
8653009152516788375
2365977554631497776
6279465131250683274
-1130314654839167932
-3895813957240539355
423098170694480104
-881213097085857583
3531321201917177528
3254272996048236137
686667672714942593
-5979489080702623936
3645206469932204000
2238889091764045160
678664790499082280
6825860352694181169
128682070714858377
-9053257219621537552
6827310852723099245
-3499853418091285247
3948211442732803365
8721843724657240078
-3623643049989816380
-6209981576352738416
-9213357955080392629
2062158066245523605
8333988152515333894
-3550621020262992700
6780848819535503668
6291464424585300894
6220622628331703789
8352865279627739142
5443966680850234688
-127477752697314814
8482753801729590683
-766246079910710077
-8908135126986028177
-7941982724972654366
2979122395455158036
-7510590087676352788
-5407326894786894615
-5277476676604795360
2371238621483971519
-4862936108569703562
2399852999258101111
-8081454572062663453
-7511097276442688023
3483912777332085979
4450973557870840839
-7168565342157766121
2996831625713232193
5723883099434803096
5083436655015664427
-6373992436683249430
4478710824435929949
-5579272058082070867
2185135684003563931
-7161198710972256431
3542498842696387636
-378642754521647072
-6933393141611040082
-3330594296970997119
3638189634991740579
1824195583718490490
-7435095687102417179
7972230440766231414
6510657214143129832
2627939520979438664
-2757850304961463199
2351739526799846255
-7769205573468900054
6973334857625309851
2137658826986422120
4093570428078100591
-3297209269693218321
-6201312612104907895
1522666903077204708
-6574760985269548610
8309892385607815843
-3592629347728740439
-8766487564403511069
-1020414184489626521
-2091401341160955880
-4574839948592327269
5381307449428769560
-5851498437811071048
4910353488943145217
-4566693498442383746
-1467081500453926056
955856080341019076
7292014700603728501
-5323608670013441416
-4259331933765913569
-7352803636579310620
6027996829347770482
632394448523873586
-2563448197437665015
4569889499320944434
-6545252960723317160
3361885408427612761
1508376494437238617
-8312969096458309364
-973005366210101398
228456071075176990
-446669130753386891
7346712819146219415
1195723166715141969
-4959797353266311753
2841187416366889063
-2589241549213088198
5404458200990534296
-908466662326416420
4450185723992167006
-2164860886434532833
4768139407488440113
-1736033242402308790
6786685345054995755
10364530280840885
1689864969756482798
6655522445847163204
8161415842685464005
-1108188912382109136
4597728536232070665
2174512217280803341
-3179179786548140603
4917256315673385479
-5942029643896725604
5980361951101395311
-7580735934735870998
-3492614369611784330
40573612732940842
-646136582341319369
3366765705508519063
-6762475812545000454
1443211839794522645
588008713667371958
5646458761873064528
-5080718481662409257
-8120683963136186331
-2608666886268448702
-6410046022551370175
8365679923493751957
1703204078562431495
505448436481869747
8641304980515739831
645240052374199679
6847595284679310027
1254410369421491430
2798845556538735012
-1527104183668627421
-7775670045669950618
-1972885911832201922
-7398925419600942817
938051656535708372
-6489708834729047250
-8387961637884652258
-6391268801308129310
8408146765388877611
7379469557202069601
6767515829922446448
-3702584206336817206
6773487434117201538
-3158852241039273826
2657044634851767073
3548705034297633883
-9003229839519635848
-4800172886897407639
2378898980469024162
4317326121120013114
-4712512214400141968
8880120025449461932
1757802855956230505
2705501557842476209
6518914363008374545
-4809919934738969295
-4697941862191431314
8042823700837641262
-2981284320771942201
4269114611394836265
-2696090020027909458
-5585780326293423932
-2657957792730587583
-6083395650006175576
-9085224298963076948
-854695914871917144
6075202140105811441
-8453048299383679450
-5934390434084185621
-7272816856621163851
7947052778742701455
1755092428698586879
2882408771092028533
2023648995531388137
4698051713606731414
7929780974964557300
-8152555828352054697
-5380780936826624282
-8794672277450724666
-5094892761016061528
-5021071059792562654
-2027577765000447630
-7521507728468877152
8361615053261745444
6467377006986823532
-4287654621698540553
6582661005809131501
-1419900517098774444
193287450281482061
4306543968436925699
7329959831593313848
-8387044734188078968
4470588653375675619
-7765919721610370359
-2755761362070590641
1597291627392545012
6464877050932734414
4431453965071535007
801386469867333062
-8605848409285022928
-1913022003708086604
8768992497130299006
-2146512545322279053
5946072216352561080
-3786456480594133058
1308526975506867077
6778611886409931251
7783682723230920301
-1849239576413687527
-6939387007739741066
6155819609250317092
3016396113759794962
-3514292700130892937
-8238156656737209032
-4231887096447616599
-4223283927236288048
6927588192989866123
-4418419496908053421
-8018161589759434390
4821765785340047282
1149842164347365264
-4274502647278068873
-7839448151159568367
-4522494439725503702
-2401368924963010109
4737167528512268277
5407423033327425933
4908637400259408010
121124762946303716
2441150789385200452
3465662889706267795
-4991218984801958260
-2216562192862223942
-6229360110687906946
-68341657282433256
6510198933671511755
4718618151337682060
-4624869733064926240
-2348788214181356840
7266684580035434055
-6733284454173938264
2180826101238660429
5716186007347190226
1859736185108032997
-236474068078740513
875124053541365452
3309754250539545290
-2288731836047215891
-104851034588550393
5286982630085154310
1269154115595933126
-5895326430323236982
-2553586780195712904
-482244168357853239
6160234210159165586
5970526725575424846
-7860720184642771056
-5729486398622009209
-1286495020625562820
-8146634113443159125
3668094593049267759
4878600451449156823
2532680241148556440
-3009110946882919302
8616452613634445627
-7341485145455216141
-4605944497551595844
3232123622969860216
7318481003969906974
-8121405567807936967
3246877942476368773
-3350302289504482876
3166010871539009091
-1919784687054423637
2591832710059694353
5601408167357917795
-3111101400091390564
7108522538681558639
7268511135980043843
1445739562433313980
-7642949725354695393
8759771242432639311
-2209068559518795965
819027849557595165
-5021665154063339452
4934952516272415289
6031438864507752955
5045801757517485364
3456309079806336137
3672649785482642624
2042984820988330651
-6151309381858115946
-4814711411550429714
-9179655660902319975
-8307259298873432043
-8985176047019146949
-4421751330254652551
8158941406948348447
8970678142113472673
-4621627757693277952
4083236121517419444
6437333994178038480
2539081320890625595
3923320844036199716
5138039383684251946
-5982998911505415730
-5374487315010442464
6150692303963914443
8207785767975757549
-6169031977352049569
3566958219090988629
-8637678958821713026
-3423398127687406317
-5098197206677072274
2219039289664241696
659408585116250537
4189928751216174388
4769464603837125383
-4833107166179279219
-548529704139610852
-7703559539378549010
-7639405518804583202
5210562172155646442
6264802602426234251
-5026192856626981791
8550654109731727049
-8863195620362186421
-681196491112359666
8894278815888414388
-552901832965284798
-5284237546981214457
-8989210281351175007
7243058370679622286
-5011024006310424090
-8523162364941925063
-8298562372554062683
-4529019061610601315
-1296065177669786120
3942614021505219135
-2538708029911366307
5324040983338440211
4008438406882390238
6242625595438437695
8410455372616805234
-7142329392901433052
4657194039783400867
8333579138860165789
5254406060400516208
5721046137840110985
-5420205749938929036
6878213202396629126
2949817305935238983
-661114640797342464
9069920491878338851
-4807105202442556567
5808764880675110090
74010419549937609
5307451374994306983
-343796289213939079
-3874293033343244237
-7704020863482717910
-3911911088295962470
3127356599148004396
2464925916760233885
-82793516090874899
-6327835567067380806
-3810738559012711745
-1455827100176849783
6403351273819371229
-2336603553542883736
-8419074579684413265
4444443256032201818
4720239924462004556
-74160954770510804
-7369815860600535743
-7176876022752311079
7601069152282886032
-1771809409831682257
-4349021596729364229
-4612754404560815951
-5547727913556424831
-5025620448089139009
2467765829120553
4702003658805925876
7655412408265934077
271626868905783759
-7031956378929522343
-9033162807598298988
-2818157910368899483
-6318693272576056460
6694276041502559711
1696249651501853419
1733581293173487901
-4771229689232914583
2390444282847289938
-8900124567765645772
-8311557565105261041
5065633689423014028
-1431914102645245683
8191373950100095247
-1439971511780262359
-5465589802010393762
-1906983455890130769
5813246192329959937
-30501190349984038
4221728699841091207
729269455801766043
379700984340860913
-6941554040854120807
3603882662690587472
2004001999508278649
6402050906141223597
-8731672238645857954
4720115181984808488
-1071905355221631565
-2395284974925245597
-5750458443896531673
-7864421728149008608
2732883264962668025
8611742564078357800
-1376416864840372619
1265195919274517102
9009682261243233725
-3473597113300214412
4425497113000635596
-7471525861193914130
-620340430506349640
1127244076698072228
5002160594541969207
-280567621239420772
-4410922938371122589
7875218458148939383
-2192361478544850751
1651114159303875867
-6387600774474417025
9112634502423327378
-9207300814908181252
5727058536882866225
-8623681120044668530
-994620292985512708
6845766417818686590
-7000554336677883319
-2180734836538181033
-3139135460948076894
4092926452873685344
-4643952719982634257
-1575165061455352474
-7208247341354928684
4654168355723803582
404469212465666392
2625686889152781193
754179188843331270
9155315407860518457
6469197961356881111
-4942076717706937260
6177196556491848720
-3885961481458455944
-745328524223185559
-747009009030956386
2903896271883675439
-7609773457103045214
-3915190451077616598
7904901967386581250
-4095723714200084222
-3086046289290361627
-1660572243828419618
-9214208286333491617
1233822923289442893
-1719345315528521229
-957194393830712983
-8270744410056392104
2023678381980798009
8686854438194343808
3714739818728868951
4814105245886509525
-1486484512911990574
-6464684408183304763
2652474659418003285
2212559965649503104
1853822074040757128
-7666798792105238784
219706552174264502
-4599370874928987063
6394155734780055983
-2625928798158619662
8074087778823305967
7771518868769539043
6248766968570512127
-6194385081880008609
8650090688803292442
6550659897659091268
-909194530634178028
-1885825072484814959
-2518165708504163465
815962378353088297
-6140742742704161553
-9053814174179667754
4505869644637419495
-3703627684609482608
-4225839150304815757
-7505756599124608002
-8164195695450217872
3556185831731236156
3106447173822544361
-6189986545578664482
5350178745233723836
-2055789399968600524
-5821988315229115012
9169201507065232591
1320807170271435673
-7645191822459764156
5223263643747492030
-5263721993706003153
-7207301608087865990
8373742941036030586
-950868827263272415
867877352671208926
7162894483545556212
9037687614192643754
-2013212596251791745
-3770871527400547133
3805009576597749826
-5987803420545396245
6296382048062974355
-7621300041275157691
7465677671546085058
-5679644722436491496
8060212763888895614
-1165778876582810925
-7182635007333410442
3892207130503189840
-7225048267516225469
9143667032476408156
-1700480335172617340
8369502437831392375
8069281532958605898
1829124864211940823
-7004787048140143946
-3569623735482046029
3146803342355996897
-1618033171391556419
5696038992123400187
-4502271531066790929
-1042554447156969034
370519536213406858
2900852686626580452
5746842064096106587
5595001767944989790
-3830187623738705344
-6335854269581393112
7042130034914184938
-3733135687715472686
4246287607066590691
7034721685095788320
5132411055365082834
4437999131065500141
5304737142398805757
-5535651531259216309
-6691921352480023792
-4354576650716132881
-2688179003818469092
8406923549148760268
-7973636124827963679
-1588809424242747651
-5821765036449353648
333018581183904999
-4381581436262137270
-2508354713137544802
1109224010339552686
-7205221040032252024
-6623751019140997486
5184035636077371199
7217199457983787983
9010211235636960443
6146756952341611203
-9206389495244686672
4951409642745082705
7208285541491181621
8457314266536187948
8357845146495589542
-5315321440993482923
-7152969780195136054
3757056915887978209
3743875443120088119
8980118403186704895
4741480130920780276
3074632708965710393
1395668799797702496
7259813965934323962
8602067476112802387
-3846100465376647857
1282669020918109058
7043461222692184561
-1956901391115069913
-104312001794779261
-6047244651604466207
3475971713937313559
5565347431243955928
-4506812689285738250
4629144210218931236
-895308963913024608
-1659541809495201681
678222681326061329
-1738304074729796392
-1552717968206350266
1064536888652917274
6788700069112498430
815408493766342637
-1621614919319484475
-3674575874807527764
-2721328216923491283
-608696960288948425
-4346592569493284002
5747781867416517914
2381135858415106257
8059738087795926766
3001906063295029080
6015335943136389375
896797152067956321
-8403060032971950546
-3285728576871180422
7986422699100779289
7921908188940630039
3344280349850234744
-1104583427308319853
-5600730653982715446
5177079950191769972
1571004732084754736
1316540825044222963
-688868780451817065
5660543033201253050
-4976699234877630947
-8711568868830374417
3907042187764211117
6313299610590158193
5567214776455859691
6299060718610104416
8959955851165933655
-7374496237085359901
-7055860775130421844
-6784400408540424156
4586807377989243785
5000228501847717535
2472161840470837331
-930616501607316324
-8898761931896313512
944379863875069689
2109607400403697464
-3870177601715876819
-4833802013462121344
-6524965771633228407
-6999541521680606569
475451237253705919
3201859814268279005
2841525959395145128
4501548599913703952
7732716152464333889
-8660040056037422094
-9157100679092420874
7183109299170329896
-4492751907873628893
-6628420856564849307
-3602195121041272361
8977431918479385543
6926461122757948122
5407295766765518720
-8421130273352852496
-5110967361619753287
643294868912892511
-5134576612759525454
919708621187886255
-4490878602401845203
2444141701182556848
-3133379837518536948
-8142465744007222847
7473898836259679289
4759709946123604302
-541963366755390779
8971465911883371418
8919760715562166611
-1054248782361936194
-451956627528338249
4719406538975762928
-3542507079732862759
4746592710006878984
3500673763704568799
2075663642125287488
-2196386669660090485
-7426632214973621701
8286285464762291424
-1858689193451122104
-1411466834846646773
-7346709951094642457
5660199917945879169
-5874357296323139445
-4950436265559647900
-6556514543025264479
5958406137186561578
8284408282243267793
5528037330178513792
-4396534417376848765
-1794442441052985237
-2622361489158238556
5068819008875496369
3379194550313141673
-186413547765966474
2275656244708235219
1585634843149705001
-2368583787848437836
-1681150587029784160
-5030236689643335438
456703512357003649
-7522944399166296757
-4025882812884686364
-8172618653752523303
-6527877295577969354
1477880122417962134
4499174653784581216
8526613305912572449
-7291731782463787993
-3497826410829952063
-6827612929747010347
-279124484794114646
8217201630623356953
-5066823368006060673
7546714865436225835
3531832311637561624
-1354830647546260685
548063362066533764
7613373981676980715
2300442458292615761
3119526473462378626
-3244426251283571446
5758811582746036931
6951948148729686272
5524118220703583350
-1567397957289218227
-2110124512811764986
-5817246827215500522
5142772812039050595
-7130416112974754289
-2971792783973102039
4549744749939831107
5515402044682904577
-5276248374489706987
6211258980649194567
-6043338531796114559
8573112235138606061
2435687943411067815
-1067716403184297314
1593858289520018826
8830964813370510374
-2398417705118353644
6714714402740818960
-1272242802172949667
-5531341760564222064
1485839882001584428
4939865682391179683
8093672989240425917
4733455592930045300
34580561180112836
7704090583737611009
-7792658660032180559
-2678727079992268290
8279856196616462902
-7611971144125778183
-8998560370374164986
-8156709847136930114
6700144736505867742
42390672089799676
4976728719239302600
1388858067968869160
-6486561785797616994
-8187430086739353439
6455922216456341197
858273166701767956
2670159547633768283
-5828269513401027551
8808541104004599082
7170262473583700286
2543279909754478205
-7980185320440125733
-8116198495915178821
518525950809324487
4301900575139619443
5464624294847523538
3387405901113181600
4364068880429449394
-4037315443928135123
-5145300436255464406
-6341164816721026886
6536264505576178792
5344812158223089056
-203899085028537938
-5698625042332470222
-1907420391428150219
7830699788390466118
3276172149650871629
5763726169540710387
-1601360227576058168
4820269563412146075
305280047865840792
8508921763799984683
-23666953746375497
7984357818607059873
7663802993574586694
1463885984858235854
-8566699097987385095
-5751526760529313955
7524402310313511345
2950156164818296083
-7510110642874130070
3173426234970960727
2997698804532826455
6744203408634337781
7395474100816267082
7769237773177607198
-1592452949641965223
6197927734401988275
8768518633412900798
-5968442976000692542
378516757502021887
-4915361774817072048
5041684586558190670
-7173013211744815784
-2298203120030110159
7552691521369056531
-4968235549503218843
-194782170421290118
966065864061292032
-3495299704437432056
2787632218070966485
1571714014787650244
-1645635013548303077
-1959588482598475138
-5601486394144795056
-1561405788610431144
-2739612476058574758
6761821125300312712
2970118646595011568
8700991946196466779
-8123766711302875849
535396949098261884
-3558476255570980689
3159218814884161654
-2526082683904220592
6623329761804609398
-4072603512900666640
-5754631125327752619
5259653873634580455
